3.0
0.433
0.3634
0.3314
0.3075
0.2891
0.2741
0.2639
0.2543
0.2468
0.2393
0.2332
0.2284
0.2236
0.2202
0.2182
0.2161
0.2148
0.2134
0.212
0.2127
0.2148
0.2168
0.2182
0.2209
0.223
0.2257
0.2284
0.2325
0.2366
0.2414
0.2468
0.253
0.2591
0.2666
0.2748
0.283
0.2911
0.3
0.3082
0.3198
0.3314
0.3436
0.3586
0.3709
0.3825
0.3961
0.4118
0.4275
0.4432
0.4582
0.4725
0.4875
0.5018
0.5168
0.5298
0.5434
0.5557
0.5693
0.5816
0.5959
0.6075
0.6184
0.6293
0.6395
0.6477
0.6573
0.6661
0.6743
0.6825
0.6886
0.6941
0.6995
0.7084
0.7152
0.72
0.7234
0.7234
0.7227
0.7214
0.7207
0.7186
0.7159
0.7125
0.7098
0.7043
0.6982
0.6907
0.6805
0.6702
0.6573
0.6443
0.6259
0.6075
0.585
0.5591
0.5257
0.4889
0.4602
0.4527
0.4512
