1.5
0.6146
0.6192
0.6192
0.6207
0.6207
0.6207
0.6222
0.6222
0.6222
0.6222
0.6222
0.6222
0.6207
0.6207
0.6207
0.6192
0.6192
0.6192
0.6192
0.6176
0.6176
0.6161
0.6161
0.6146
0.6131
0.6131
0.6116
0.61
0.61
0.607
0.607
0.607
0.604
0.604
0.6009
0.6009
0.6009
0.5979
0.5979
0.5963
0.5948
0.5933
0.5918
0.5903
0.5872
0.5842
0.5827
0.5796
0.5766
0.5735
0.572
0.5705
0.5674
0.5659
0.5629
0.5598
0.5583
0.5568
0.5538
0.5507
0.5477
0.5446
0.5416
0.5385
0.5355
0.5309
0.5279
0.5233
0.5203
0.5157
0.5112
0.5066
0.5035
0.4975
0.4944
0.4883
0.4838
0.4777
0.4746
0.4686
0.461
0.4549
0.4488
0.4427
0.4366
0.429
0.4229
0.4168
0.4108
0.4016
0.3955
0.3879
0.3818
0.3727
0.3651
0.356
0.3469
0.3362
0.3271
0.3134
