2.5
1.0882
1.0882
1.0882
1.0882
1.0882
1.0869
1.0869
1.0856
1.0856
1.0842
1.0842
1.0842
1.0842
1.0829
1.0816
1.0816
1.0816
1.0816
1.0816
1.0816
1.0816
1.0802
1.0802
1.0802
1.0789
1.0789
1.0775
1.0775
1.0775
1.0762
1.0762
1.0762
1.0762
1.0749
1.0749
1.0749
1.0749
1.0749
1.0735
1.0735
1.0735
1.0735
1.0735
1.0722
1.0709
1.0709
1.0709
1.0709
1.0709
1.0695
1.0695
1.0695
1.0695
1.0682
1.0668
1.0668
1.0668
1.0668
1.0655
1.0655
1.0655
1.0655
1.0655
1.0655
1.0642
1.0642
1.0628
1.0628
1.0628
1.0628
1.0615
1.0615
1.0615
1.0615
1.0615
1.0615
1.0602
1.0588
1.0588
1.0588
1.0588
1.0588
1.0575
1.0575
1.0561
1.0561
1.0561
1.0561
1.0548
1.0548
1.0548
1.0548
1.0548
1.0535
1.0521
1.0521
1.0521
1.0521
1.0521
1.0455
