2.875
0.2881
0.2506
0.2256
0.2113
0.2063
0.2056
0.2125
0.2331
0.2844
0.3888
0.4931
0.5881
0.6506
0.705
0.7581
0.8013
0.8363
0.8694
0.8944
0.9156
0.9338
0.9506
0.9631
0.9763
0.9863
0.9944
0.9988
1.0025
1.005
1.0056
1.0056
1.0063
1.0063
1.0044
1.0019
0.9969
0.9919
0.9863
0.9794
0.9713
0.9638
0.9563
0.9469
0.9375
0.9294
0.9194
0.9081
0.8969
0.8856
0.8756
0.8644
0.8525
0.8413
0.8306
0.8188
0.8063
0.7931
0.7806
0.7675
0.7544
0.7419
0.7294
0.7169
0.7031
0.6906
0.6788
0.6675
0.6563
0.6463
0.6363
0.6263
0.6156
0.6081
0.6006
0.5925
0.5863
0.58
0.5744
0.5688
0.5638
0.5581
0.5531
0.5481
0.5444
0.54
0.5363
0.5344
0.5325
0.5313
0.5313
0.53
0.53
0.53
0.5313
0.5356
0.5413
0.5475
0.5538
0.5575
0.5606
