0.75
0.962
0.9541
0.9478
0.943
0.9351
0.932
0.9241
0.9209
0.9177
0.913
0.9098
0.9082
0.9051
0.9019
0.8987
0.8956
0.8924
0.8892
0.8861
0.8829
0.8797
0.8766
0.8734
0.8703
0.8671
0.8639
0.8608
0.8576
0.8544
0.8513
0.8481
0.8449
0.8418
0.8402
0.8354
0.8323
0.8291
0.8259
0.8228
0.8196
0.8165
0.8117
0.8085
0.807
0.8006
0.7975
0.7943
0.7911
0.7864
0.7816
0.7785
0.7737
0.769
0.7658
0.7627
0.7563
0.7516
0.7468
0.7405
0.7373
0.7278
0.7247
0.7199
0.712
0.7073
0.7009
0.693
0.6883
0.6788
0.6725
0.6661
0.6551
0.6487
0.6408
0.6297
0.6203
0.6139
0.6028
0.5949
0.5823
0.5728
0.5633
0.5475
0.538
0.5269
0.5127
0.5
0.4842
0.4715
0.4604
0.443
0.432
0.4161
0.3956
0.3845
0.3687
0.3639
0.3608
0.3576
0.356
