1.5
1.1934
1.191
1.1887
1.1769
1.1557
1.1368
1.1179
1.092
1.0637
1.0495
1.0401
1.0307
1.0236
1.0142
1.0094
1.0094
1.0094
1.0047
1.0047
1.0024
1
0.9976
0.9953
0.9953
0.9906
0.9906
0.9882
0.9882
0.9835
0.9811
0.9788
0.9764
0.9741
0.9741
0.9693
0.967
0.967
0.9623
0.9599
0.9552
0.9552
0.9528
0.9481
0.9458
0.9434
0.941
0.9387
0.934
0.9292
0.9269
0.9245
0.9198
0.9151
0.9151
0.9104
0.908
0.9033
0.8986
0.8939
0.8915
0.8892
0.8844
0.8821
0.875
0.8703
0.8656
0.8608
0.8585
0.8538
0.8491
0.8443
0.8373
0.8325
0.8255
0.816
0.809
0.8019
0.7925
0.7877
0.7783
0.7689
0.7571
0.7524
0.7429
0.7311
0.7217
0.7075
0.6958
0.684
0.6722
0.6627
0.6415
0.625
0.6132
0.5943
0.5778
0.559
0.5354
0.5165
0.5
