1.625
0.3023
0.2681
0.2226
0.1934
0.1755
0.1658
0.1609
0.1593
0.1625
0.169
0.1771
0.1869
0.195
0.2096
0.2291
0.2551
0.2795
0.3136
0.351
0.3868
0.4241
0.4583
0.4956
0.5314
0.5671
0.598
0.6289
0.6549
0.6793
0.7053
0.728
0.7524
0.7768
0.7963
0.819
0.8385
0.858
0.8775
0.897
0.9149
0.9328
0.949
0.9653
0.9815
0.9961
1.0124
1.027
1.0416
1.0546
1.066
1.0774
1.0888
1.0985
1.1083
1.1147
1.1196
1.1229
1.1229
1.1229
1.1213
1.1196
1.1147
1.1083
1.1018
1.0936
1.0855
1.0774
1.066
1.0563
1.0465
1.0384
1.0254
1.014
1.001
0.9864
0.9734
0.9604
0.9474
0.9328
0.9181
0.9019
0.8873
0.871
0.8548
0.8385
0.8223
0.8028
0.7849
0.767
0.7491
0.7313
0.7134
0.6955
0.6776
0.6597
0.6435
0.6256
0.6078
0.5866
0.5665
