1.875
0.6524
0.6705
0.7006
0.7307
0.7548
0.7829
0.809
0.8311
0.8532
0.8773
0.8933
0.9094
0.9255
0.9395
0.9536
0.9676
0.9797
0.9917
0.9997
1.0078
1.0158
1.0278
1.0319
1.0399
1.0479
1.0519
1.06
1.064
1.068
1.072
1.076
1.08
1.082
1.0861
1.0861
1.0861
1.0861
1.0861
1.0881
1.0881
1.0881
1.0881
1.0881
1.0861
1.084
1.082
1.08
1.078
1.076
1.074
1.07
1.066
1.06
1.0559
1.0499
1.0439
1.0399
1.0319
1.0238
1.0178
1.0118
1.0037
0.9977
0.9877
0.9797
0.9736
0.9656
0.9536
0.9475
0.9375
0.9255
0.9154
0.9014
0.8873
0.8753
0.8612
0.8472
0.8351
0.8211
0.805
0.795
0.7769
0.7608
0.7488
0.7307
0.7107
0.6986
0.6785
0.6565
0.6404
0.6203
0.5982
0.5822
0.5601
0.54
0.5199
0.4999
0.4778
0.4597
0.4356
