3.0
0.2526
0.2552
0.2526
0.2526
0.2526
0.2526
0.25
0.25
0.25
0.25
0.2474
0.2474
0.2448
0.2423
0.2423
0.2423
0.2423
0.2423
0.2397
0.2397
0.2397
0.2397
0.2397
0.2397
0.2397
0.2397
0.2371
0.2371
0.2371
0.2371
0.2371
0.2397
0.2423
0.2423
0.2423
0.2423
0.2448
0.2474
0.2526
0.2552
0.2603
0.2629
0.2655
0.2706
0.2809
0.2887
0.3015
0.3196
0.3402
0.3634
0.3892
0.4253
0.4562
0.4948
0.5335
0.567
0.5979
0.6289
0.6495
0.6701
0.6907
0.7062
0.7216
0.732
0.7397
0.75
0.7577
0.7629
0.768
0.7706
0.7758
0.7784
0.7809
0.7809
0.7835
0.7835
0.7809
0.7784
0.7758
0.7706
0.7629
0.7526
0.7423
0.7294
0.7139
0.6985
0.683
0.6649
0.6469
0.6289
0.6031
0.5825
0.5593
0.5309
0.5026
0.4768
0.4691
0.4691
0.4691
0.4588
